Task 3: 

x=42 sin(x)=-0.916521547915634 cos(x)=-0.399985314988351
x=1313 sin(x)=-0.184663242197692 cos(x)=0.982801855401706
x=82 sin(x)=0.313228782433085 cos(x)=0.949677697882543
x=3200 sin(x)=0.958847282055722 cos(x)=-0.28392233039047
