Part A.1) 

Randomly generated 2x5 matrix : 

         3          8 
         1          4 
         2          4 
         8          2 
         1          6 
Q matrix : 

     0.338        0.6 
     0.113      0.338 
     0.225      0.262 
       0.9     -0.401 
     0.113      0.545 
R matrix : 

      8.89       6.53 
         0       9.67 
Q*R = 

         3          8 
         1          4 
         2          4 
         8          2 
         1          6 
Is Q*R = A? True 
Q^T*Q = 

         1  -1.39e-16 
 -1.39e-16          1 
Is Q^T*Q=1? True

Part A.2) 

Generated square matrix: 

         5          1          6          2          1 
         6          7          5          0          4 
         5          0          3          8          0 
         1          2          6          3         10 
         8          5          8          0         10 
Generated vector : 
         7          0          1          4          6 
Q matrix from decomp :

     0.407     -0.378      0.327     -0.348     -0.681 
     0.488      0.672     -0.326      0.257      -0.37 
     0.407     -0.572      -0.18      0.677      0.128 
    0.0814      0.274      0.867      0.392      0.113 
     0.651     0.0553     0.0443     -0.448      0.609 
R matrix from decomp :

      12.3       7.24       11.8       4.31       9.68 
         0       5.15       1.46      -4.51        5.6 
         0          0       5.35       1.81       8.14 
         0          0          0        5.9      0.125 
         0          0          0          0       5.06 
Solution vector x = 
     0.128      -1.06       1.42     -0.486     -0.105 
Is A*x = b? True

Part A.3)
The determinant of R and thus A is: 10105

Part B)
The inverse of matrix A is 

    -0.081    -0.0933     0.0836     -0.169      0.214 
   -0.0572       0.24   -0.00693     0.0566     -0.147 
     0.285     0.0349     -0.111      0.106     -0.148 
   -0.0562     0.0452      0.114      0.066    -0.0785 
    -0.134    -0.0731     0.0252     0.0224       0.12 
Is A*B = 1? True 
