Part A.1) 

Randomly generated 2x5 matrix : 

         4         10 
         7          9 
         0          8 
         2          0 
         2          3 
Q matrix : 

     0.468      0.422 
     0.819     -0.152 
         0      0.837 
     0.234     -0.313 
     0.234    0.00143 
R matrix : 

      8.54       12.8 
         0       9.55 
Q*R = 

         4         10 
         7          9 
         0          8 
         2          0 
         2          3 
Is Q*R = A? True 
Q^T*Q = 

         1   4.54e-17 
  4.54e-17          1 
Is Q^T*Q=1? True

Part A.2) 

Generated square matrix: 

         7          4          2          0          4 
         7          0          9          5          2 
         6          6          4          8          5 
        10          3          4          4          5 
         9         10          3          2          9 
Generated vector : 
         2          8          0          0          3 
Q matrix from decomp :

     0.394    -0.0122     -0.351     -0.308     -0.791 
     0.394     -0.559      0.678      -0.27    0.00966 
     0.338      0.341      0.381      0.734     -0.292 
     0.563     -0.388     -0.518      0.342      0.383 
     0.507      0.648      0.067      -0.42      0.377 
R matrix from decomp :

      17.7       10.4       9.47       7.94       11.4 
         0       7.32       -3.3     -0.323       4.43 
         0          0       5.05        4.5     -0.128 
         0          0          0       5.05      -0.17 
         0          0          0          0      0.701 
Solution vector x = 
    -0.291      0.701       1.69     -0.817     -0.536 
Is A*x = b? True

Part A.3)
The determinant of R and thus A is: 2323

Part B)
The inverse of matrix A is 

     0.406    -0.0568     0.0921   -0.00517     -0.216 
     0.673   -0.00517      0.281     -0.455     -0.201 
   -0.0099      0.182    -0.0521     -0.165     0.0848 
    -0.099    -0.0529      0.131     0.0861     -0.065 
     -1.13     0.0138     -0.416      0.547      0.537 
Is A*B = 1? True 
