Part A.1) 

Randomly generated 2x5 matrix : 

         1          2 
         3          8 
         3          3 
         1          2 
         1          6 
Q matrix : 

     0.218   -0.00885 
     0.655      0.345 
     0.655     -0.584 
     0.218   -0.00885 
     0.218      0.735 
R matrix : 

      4.58       9.38 
         0       5.38 
Q*R = 

         1          2 
         3          8 
         3          3 
         1          2 
         1          6 
Is Q*R = A? True 
Q^T*Q = 

         1  -8.33e-17 
 -8.33e-17          1 
Is Q^T*Q=1? True

Part A.2) 

Generated square matrix: 

         0          0          8          2          1 
         3          7         10          4          2 
         2         10          9          6         10 
         0          2          5          5         10 
         1          4          1          3          5 
Generated vector : 
         8          2          1          3          2 
Q matrix from decomp :

         0          0      0.851     -0.194     -0.488 
     0.802     -0.536      0.137      0.123      0.191 
     0.535      0.724    -0.0446     -0.425      0.091 
         0      0.405      0.388      0.732      0.386 
     0.267      0.159     -0.323       0.48     -0.754 
R matrix from decomp :

      3.74         12       13.1       7.22       8.29 
         0       4.94       3.34        4.7         11 
         0          0        9.4       2.96       2.95 
         0          0          0       2.66       5.53 
         0          0          0          0      0.891 
Solution vector x = 
      -9.4       1.34      -0.81       9.36      -4.24 
Is A*x = b? True

Part A.3)
The determinant of R and thus A is: 411

Part B)
The inverse of matrix A is 

     -1.41       1.08      -0.35       1.04      -1.53 
     0.255     -0.255      0.219     -0.358      0.328 
    -0.073      0.073     0.0803      0.102      -0.38 
      1.07     -0.399     -0.372     -0.625       1.94 
    -0.547      0.214      0.102      0.433     -0.847 
Is A*B = 1? True 
